0.9987 0.0095 -0.0504 -0.0105 0.9997 -0.0204 0.0502 0.0209 0.9985 0.1950 0.1297 -1.4226
0.9987 0.0093 -0.0510 -0.0104 0.9997 -0.0212 0.0508 0.0217 0.9985 -0.1760 -0.0334 -0.6666
0.9987 0.0092 -0.0508 -0.0103 0.9997 -0.0216 0.0506 0.0221 0.9985 0.1334 -0.0442 0.8245
0.9986 0.0090 -0.0515 -0.0100 0.9998 -0.0192 0.0513 0.0196 0.9985 0.0805 0.0346 -1.3065
0.9988 0.0085 -0.0473 -0.0094 0.9998 -0.0186 0.0472 0.0191 0.9987 -0.2490 -0.0526 0.0583
0.9988 0.0075 -0.0479 -0.0084 0.9998 -0.0191 0.0478 0.0195 0.9987 -0.0327 -0.1039 2.1169
0.9987 0.0071 -0.0508 -0.0081 0.9998 -0.0189 0.0507 0.0193 0.9985 0.2266 0.1546 -1.5272
0.9988 0.0052 -0.0478 -0.0061 0.9998 -0.0180 0.0476 0.0182 0.9987 0.0153 -0.1273 0.7336
0.9988 0.0054 -0.0493 -0.0063 0.9998 -0.0181 0.0492 0.0184 0.9986 0.3529 0.0166 -2.1845
0.9990 0.0058 -0.0449 -0.0066 0.9998 -0.0173 0.0448 0.0176 0.9988 -0.3072 0.0279 -0.2444
0.9991 0.0057 -0.0423 -0.0065 0.9998 -0.0178 0.0422 0.0180 0.9989 -0.3023 -0.0532 2.1525
0.9990 0.0058 -0.0439 -0.0065 0.9998 -0.0163 0.0438 0.0165 0.9989 -0.0186 0.0047 -1.1524
0.9995 0.0072 -0.0317 -0.0078 0.9998 -0.0196 0.0316 0.0199 0.9993 -0.2907 0.0759 -0.0610
0.9995 0.0066 -0.0304 -0.0072 0.9997 -0.0217 0.0302 0.0219 0.9993 0.0512 0.0757 0.9624
0.9994 0.0064 -0.0330 -0.0072 0.9997 -0.0235 0.0329 0.0238 0.9992 0.0227 -0.0344 0.3010
0.9993 0.0027 -0.0379 -0.0033 0.9998 -0.0175 0.0379 0.0176 0.9991 0.1498 -0.1596 -1.5047
0.9992 -0.0014 -0.0387 0.0009 0.9999 -0.0136 0.0388 0.0135 0.9992 -0.0515 -0.1215 0.8582
0.9993 -0.0027 -0.0372 0.0022 0.9999 -0.0126 0.0373 0.0125 0.9992 0.2617 -0.0406 -0.6832
0.9993 -0.0052 -0.0369 0.0047 0.9999 -0.0123 0.0370 0.0121 0.9992 -0.2374 0.0367 -0.2543
0.9992 -0.0106 -0.0388 0.0102 0.9999 -0.0102 0.0389 0.0098 0.9992 0.0722 -0.0970 0.0664
0.9992 -0.0109 -0.0381 0.0105 0.9999 -0.0106 0.0382 0.0102 0.9992 -0.0995 -0.0126 -0.9979
0.9991 -0.0176 -0.0377 0.0172 0.9998 -0.0113 0.0379 0.0107 0.9992 0.0426 -0.1165 0.1941
0.9993 -0.0179 -0.0341 0.0175 0.9998 -0.0118 0.0343 0.0112 0.9994 0.0272 0.2334 0.0103
0.9992 -0.0212 -0.0343 0.0210 0.9998 -0.0054 0.0344 0.0046 0.9994 -0.1828 -0.2115 -1.3076
0.9989 -0.0236 -0.0401 0.0234 0.9997 -0.0049 0.0402 0.0039 0.9992 0.3639 0.2843 1.3044
0.9987 -0.0219 -0.0471 0.0216 0.9997 -0.0076 0.0472 0.0066 0.9989 0.0847 -0.2541 0.5679
0.9986 -0.0184 -0.0491 0.0179 0.9998 -0.0104 0.0493 0.0095 0.9987 0.0440 0.0791 0.0097
0.9987 -0.0164 -0.0480 0.0161 0.9998 -0.0075 0.0482 0.0067 0.9988 -0.0388 -0.0980 -0.5884
0.9987 -0.0168 -0.0483 0.0165 0.9998 -0.0066 0.0484 0.0058 0.9988 0.0468 0.1874 1.6029
0.9988 -0.0152 -0.0460 0.0150 0.9999 -0.0057 0.0461 0.0050 0.9989 -0.0396 0.0603 -1.4471
0.9991 -0.0126 -0.0393 0.0124 0.9999 -0.0063 0.0393 0.0058 0.9992 -0.3180 -0.0662 1.0595
0.9992 -0.0139 -0.0379 0.0135 0.9999 -0.0103 0.0381 0.0098 0.9992 0.0270 0.1049 -0.3164
0.9994 -0.0042 -0.0353 0.0038 0.9999 -0.0097 0.0353 0.0096 0.9993 -0.0688 -0.0661 0.8363
0.9992 0.0036 -0.0389 -0.0041 0.9999 -0.0132 0.0388 0.0134 0.9992 0.0880 0.1656 0.6234
0.9991 0.0022 -0.0416 -0.0027 0.9999 -0.0130 0.0416 0.0131 0.9990 0.2844 0.0124 -1.0236
0.9991 0.0005 -0.0421 -0.0011 0.9999 -0.0127 0.0421 0.0127 0.9990 -0.1225 0.0667 0.1180
0.9990 -0.0001 -0.0454 -0.0004 0.9999 -0.0111 0.0454 0.0111 0.9989 0.0863 -0.1288 0.6922
0.9989 0.0011 -0.0466 -0.0016 0.9999 -0.0105 0.0466 0.0105 0.9989 -0.0785 -0.0795 0.6131
0.9990 -0.0008 -0.0445 0.0003 0.9999 -0.0115 0.0445 0.0115 0.9989 -0.0794 0.0249 -0.3632
0.9991 -0.0007 -0.0417 0.0001 0.9999 -0.0127 0.0417 0.0127 0.9991 -0.2043 0.0641 0.2052
0.9997 0.0019 -0.0251 -0.0027 0.9996 -0.0283 0.0251 0.0283 0.9993 -0.5895 0.5837 0.0492
0.9997 0.0044 -0.0245 -0.0051 0.9996 -0.0283 0.0243 0.0284 0.9993 0.0338 -0.0587 -0.0582
0.9996 0.0032 -0.0291 -0.0041 0.9996 -0.0287 0.0290 0.0288 0.9992 0.3607 0.0719 -0.5206
0.9997 0.0033 -0.0252 -0.0041 0.9996 -0.0294 0.0251 0.0295 0.9992 -0.3611 0.0243 1.0834
0.9996 0.0031 -0.0289 -0.0040 0.9996 -0.0296 0.0288 0.0297 0.9991 0.0110 -0.0945 -0.0845
0.9996 0.0023 -0.0293 -0.0033 0.9995 -0.0315 0.0292 0.0316 0.9991 0.1007 0.1231 0.2245
0.9994 0.0022 -0.0355 -0.0034 0.9994 -0.0345 0.0354 0.0346 0.9988 0.2086 0.1278 -0.0781
0.9993 0.0003 -0.0375 -0.0016 0.9994 -0.0359 0.0375 0.0359 0.9987 0.0294 -0.0634 -0.2819
0.9993 0.0011 -0.0376 -0.0024 0.9994 -0.0343 0.0375 0.0343 0.9987 -0.0865 -0.0240 0.3512
0.9992 0.0012 -0.0395 -0.0026 0.9993 -0.0360 0.0395 0.0361 0.9986 0.0436 0.0508 -0.0597
0.9992 0.0017 -0.0409 -0.0033 0.9993 -0.0380 0.0408 0.0381 0.9984 0.1333 0.0674 0.2663
0.9987 -0.0006 -0.0503 -0.0013 0.9992 -0.0390 0.0503 0.0390 0.9980 0.3527 0.0505 0.0515
0.9989 -0.0017 -0.0478 -0.0001 0.9993 -0.0362 0.0478 0.0362 0.9982 -0.1977 -0.1206 0.4144
0.9992 -0.0005 -0.0392 -0.0010 0.9993 -0.0379 0.0391 0.0379 0.9985 -0.3510 0.0999 -1.1117
0.9994 -0.0020 -0.0354 0.0006 0.9992 -0.0396 0.0355 0.0395 0.9986 -0.0664 0.0522 1.0777
0.9994 -0.0010 -0.0360 -0.0004 0.9992 -0.0396 0.0360 0.0396 0.9986 -0.1024 0.0817 0.4379
0.9993 0.0012 -0.0367 -0.0026 0.9993 -0.0380 0.0367 0.0381 0.9986 0.0707 -0.0717 -0.2718
0.9995 0.0016 -0.0327 -0.0029 0.9992 -0.0397 0.0326 0.0398 0.9987 -0.1582 0.1028 -0.5648
0.9993 0.0003 -0.0384 -0.0018 0.9992 -0.0397 0.0383 0.0398 0.9985 0.2360 -0.0471 1.2379
0.9992 -0.0015 -0.0393 -0.0001 0.9991 -0.0413 0.0393 0.0413 0.9984 0.0330 -0.0246 -0.0276
0.9992 -0.0012 -0.0389 -0.0005 0.9991 -0.0433 0.0389 0.0432 0.9983 -0.0501 0.0578 0.3172
0.0000 0.0000 0.0000 0.0000 0.0000 0.0000 0.0000 0.0000 0.0000 0.0000 0.0000 0.0000
1.0000 0.0000 0.0000 0.0000 1.0000 0.0000 0.0000 0.0000 1.0000 0.0000 0.0000 0.0000
