1.0000 0.0025 0.0051 -0.0025 1.0000 0.0036 -0.0051 -0.0036 1.0000 0.1152 -0.0882 0.4100
1.0000 0.0029 0.0019 -0.0029 1.0000 0.0055 -0.0019 -0.0055 1.0000 0.0715 -0.0146 -0.1023
1.0000 0.0044 0.0029 -0.0045 1.0000 0.0065 -0.0029 -0.0065 1.0000 -0.0642 0.0695 0.2658
1.0000 0.0043 0.0023 -0.0044 1.0000 0.0068 -0.0023 -0.0068 1.0000 0.0441 -0.1865 -0.0380
1.0000 0.0046 0.0014 -0.0046 1.0000 0.0068 -0.0014 -0.0068 1.0000 -0.0357 0.1147 0.1252
1.0000 0.0042 0.0019 -0.0042 1.0000 0.0058 -0.0019 -0.0058 1.0000 -0.0288 0.0356 0.1393
1.0000 0.0047 0.0017 -0.0047 1.0000 0.0065 -0.0016 -0.0065 1.0000 0.0233 -0.0249 -0.1159
1.0000 0.0054 0.0060 -0.0054 1.0000 0.0050 -0.0060 -0.0051 1.0000 0.0033 0.0259 -0.0790
1.0000 0.0042 0.0040 -0.0042 1.0000 0.0041 -0.0040 -0.0041 1.0000 0.0678 -0.0229 0.0509
1.0000 0.0048 0.0034 -0.0048 1.0000 0.0041 -0.0034 -0.0041 1.0000 -0.0310 0.0437 0.3986
1.0000 0.0036 0.0029 -0.0037 1.0000 0.0049 -0.0029 -0.0049 1.0000 0.0907 -0.0619 0.1805
1.0000 0.0039 0.0037 -0.0039 1.0000 0.0052 -0.0037 -0.0053 1.0000 0.0413 0.0166 -0.1670
1.0000 0.0017 0.0036 -0.0017 1.0000 0.0066 -0.0036 -0.0066 1.0000 -0.0214 0.0143 -0.0414
1.0000 0.0017 0.0060 -0.0017 1.0000 0.0066 -0.0060 -0.0066 1.0000 -0.0673 -0.0378 0.3502
1.0000 0.0007 0.0032 -0.0007 1.0000 0.0052 -0.0032 -0.0052 1.0000 0.1061 0.0482 -0.1085
1.0000 0.0003 0.0081 -0.0003 1.0000 0.0042 -0.0081 -0.0042 1.0000 -0.0099 -0.0113 0.4527
1.0000 -0.0008 0.0075 0.0008 1.0000 0.0035 -0.0075 -0.0035 1.0000 -0.0123 -0.0448 -0.4526
0.9999 -0.0001 0.0124 0.0001 1.0000 0.0006 -0.0124 -0.0006 0.9999 -0.1107 0.1252 0.2119
0.9999 0.0006 0.0122 -0.0006 1.0000 -0.0013 -0.0122 0.0013 0.9999 -0.0406 -0.0295 0.3202
1.0000 0.0004 0.0097 -0.0004 1.0000 -0.0015 -0.0097 0.0015 1.0000 0.1313 -0.0485 0.2206
0.9999 0.0017 0.0106 -0.0017 1.0000 -0.0008 -0.0107 0.0007 0.9999 0.0781 0.0329 -1.1883
0.9999 0.0026 0.0119 -0.0025 1.0000 -0.0011 -0.0119 0.0010 0.9999 0.0039 -0.0412 1.6397
0.9999 0.0039 0.0142 -0.0038 1.0000 -0.0022 -0.0142 0.0021 0.9999 -0.0708 0.1008 -0.1070
0.9999 0.0037 0.0146 -0.0037 1.0000 -0.0034 -0.0146 0.0033 0.9999 0.0608 -0.0066 0.3335
0.9999 0.0053 0.0161 -0.0052 1.0000 -0.0043 -0.0161 0.0042 0.9999 -0.0338 0.0524 -0.0709
0.9998 0.0060 0.0197 -0.0059 1.0000 -0.0038 -0.0198 0.0037 0.9998 0.0249 -0.0272 0.1401
0.9997 0.0071 0.0245 -0.0070 1.0000 -0.0035 -0.0245 0.0033 0.9997 -0.1149 -0.0117 -0.2782
0.9997 0.0065 0.0251 -0.0064 1.0000 -0.0043 -0.0251 0.0042 0.9997 0.0833 -0.0356 0.0588
0.9997 0.0057 0.0230 -0.0057 1.0000 -0.0034 -0.0230 0.0033 0.9997 0.0706 0.0279 0.1332
0.9996 0.0064 0.0257 -0.0063 1.0000 -0.0039 -0.0257 0.0037 0.9997 -0.0214 0.0321 0.1296
0.9996 0.0057 0.0268 -0.0056 1.0000 -0.0039 -0.0268 0.0037 0.9996 -0.0175 -0.0510 -0.2892
0.9996 0.0054 0.0273 -0.0053 1.0000 -0.0035 -0.0273 0.0034 0.9996 0.1199 -0.0577 0.1498
0.9996 0.0047 0.0284 -0.0046 1.0000 -0.0047 -0.0284 0.0046 0.9996 -0.0557 0.0912 -0.0521
0.9996 0.0039 0.0281 -0.0038 1.0000 -0.0055 -0.0282 0.0054 0.9996 0.0282 -0.0216 -0.0226
0.9996 0.0045 0.0290 -0.0043 1.0000 -0.0049 -0.0291 0.0048 0.9996 0.0454 -0.0169 0.0210
0.9995 0.0050 0.0306 -0.0049 1.0000 -0.0051 -0.0306 0.0050 0.9995 -0.1066 0.0904 -0.1247
0.9997 0.0040 0.0257 -0.0039 1.0000 -0.0047 -0.0257 0.0046 0.9997 0.0549 -0.1024 -0.0759
0.9996 0.0047 0.0266 -0.0045 1.0000 -0.0057 -0.0266 0.0056 0.9996 -0.0388 0.0137 0.1957
0.9997 0.0052 0.0233 -0.0051 1.0000 -0.0037 -0.0233 0.0035 0.9997 0.0400 -0.0116 -0.2479
0.9997 0.0059 0.0224 -0.0059 1.0000 -0.0026 -0.0224 0.0024 0.9997 0.0877 -0.0188 0.6594
0.9998 0.0060 0.0200 -0.0059 1.0000 -0.0024 -0.0200 0.0023 0.9998 -0.0433 -0.0497 -0.5710
0.9998 0.0062 0.0196 -0.0062 1.0000 -0.0034 -0.0196 0.0033 0.9998 0.0042 0.0426 0.3565
0.9999 0.0046 0.0156 -0.0046 1.0000 -0.0040 -0.0156 0.0039 0.9999 -0.0559 0.0094 -1.1597
0.9999 0.0049 0.0150 -0.0049 1.0000 -0.0050 -0.0150 0.0049 0.9999 0.1362 -0.0545 0.9742
0.9998 0.0052 0.0166 -0.0051 1.0000 -0.0038 -0.0167 0.0037 0.9999 -0.0348 -0.0236 -0.1105
0.9998 0.0055 0.0185 -0.0054 1.0000 -0.0033 -0.0185 0.0032 0.9998 -0.0279 0.0156 0.6019
0.9998 0.0032 0.0174 -0.0032 1.0000 0.0013 -0.0174 -0.0013 0.9998 0.0389 -0.0695 -0.1127
0.9999 0.0032 0.0157 -0.0032 1.0000 0.0005 -0.0157 -0.0005 0.9999 0.0588 0.0484 0.4351
0.9999 0.0017 0.0125 -0.0017 1.0000 -0.0004 -0.0125 0.0004 0.9999 0.0507 -0.0132 -0.2448
0.9999 0.0020 0.0122 -0.0020 1.0000 0.0008 -0.0122 -0.0009 0.9999 0.0407 0.0011 0.0489
1.0000 0.0008 0.0089 -0.0008 1.0000 -0.0003 -0.0089 0.0003 1.0000 0.0209 -0.0194 -0.2936
1.0000 -0.0003 0.0087 0.0003 1.0000 -0.0012 -0.0087 0.0012 1.0000 -0.0079 -0.0094 0.1159
1.0000 0.0011 0.0084 -0.0011 1.0000 -0.0009 -0.0084 0.0009 1.0000 0.0607 0.0218 0.1708
0.9999 0.0019 0.0115 -0.0019 1.0000 -0.0005 -0.0115 0.0004 0.9999 -0.0574 -0.0551 -0.0104
0.9999 0.0029 0.0115 -0.0029 1.0000 -0.0010 -0.0115 0.0010 0.9999 0.0754 0.0676 0.1854
0.9999 0.0029 0.0138 -0.0028 1.0000 -0.0016 -0.0138 0.0015 0.9999 -0.0906 -0.0341 -0.1795
0.9998 0.0038 0.0198 -0.0038 1.0000 -0.0013 -0.0198 0.0012 0.9998 -0.0499 -0.0190 -0.1204
0.9998 0.0033 0.0181 -0.0033 1.0000 -0.0014 -0.0181 0.0014 0.9998 -0.0329 0.0480 -0.1613
0.9999 0.0034 0.0143 -0.0034 1.0000 0.0007 -0.0143 -0.0007 0.9999 0.1049 -0.0070 -0.0830
0.9999 0.0043 0.0123 -0.0043 1.0000 0.0025 -0.0123 -0.0026 0.9999 0.0295 -0.0492 0.0822
1.0000 0.0042 0.0085 -0.0042 1.0000 0.0026 -0.0085 -0.0026 1.0000 0.1496 -0.0089 -0.1469
1.0000 0.0044 0.0063 -0.0045 1.0000 0.0022 -0.0063 -0.0022 1.0000 0.0518 0.0050 -0.0749
1.0000 0.0047 0.0069 -0.0047 1.0000 0.0005 -0.0069 -0.0006 1.0000 0.0586 -0.0020 0.0808
0.9999 0.0050 0.0092 -0.0050 1.0000 0.0002 -0.0092 -0.0002 1.0000 -0.0744 0.0826 -0.0658
1.0000 0.0044 0.0058 -0.0044 1.0000 0.0007 -0.0058 -0.0007 1.0000 0.0909 -0.0554 0.1041
1.0000 0.0053 0.0042 -0.0053 1.0000 0.0003 -0.0042 -0.0003 1.0000 0.0939 0.0120 -0.2368
1.0000 0.0064 0.0045 -0.0065 1.0000 0.0012 -0.0045 -0.0012 1.0000 -0.0459 -0.0589 0.0324
1.0000 0.0065 0.0006 -0.0065 1.0000 0.0002 -0.0006 -0.0002 1.0000 0.0524 0.0617 -0.2745
1.0000 0.0077 -0.0019 -0.0077 1.0000 -0.0007 0.0019 0.0007 1.0000 0.0255 0.0042 -0.1347
1.0000 0.0072 -0.0063 -0.0072 1.0000 -0.0012 0.0063 0.0013 1.0000 0.1182 0.0028 -0.0527
0.9999 0.0049 -0.0121 -0.0049 1.0000 -0.0005 0.0121 0.0006 0.9999 0.1112 0.0048 -0.2475
0.9998 0.0035 -0.0174 -0.0036 1.0000 -0.0014 0.0174 0.0015 0.9998 0.0268 0.1268 -0.2613
0.9999 0.0042 -0.0153 -0.0042 1.0000 -0.0008 0.0153 0.0009 0.9999 -0.1209 -0.0628 -0.8594
0.9998 0.0055 -0.0166 -0.0055 1.0000 -0.0020 0.0166 0.0021 0.9999 0.0347 -0.0783 0.4371
0.9999 0.0050 -0.0116 -0.0050 1.0000 -0.0035 0.0115 0.0035 0.9999 -0.0556 0.0342 -0.0907
0.9999 0.0049 -0.0158 -0.0050 1.0000 -0.0035 0.0158 0.0036 0.9999 0.1325 0.1046 -0.0127
0.9997 0.0034 -0.0231 -0.0036 1.0000 -0.0074 0.0231 0.0075 0.9997 0.1585 -0.0402 -0.1387
0.9997 0.0027 -0.0252 -0.0030 1.0000 -0.0087 0.0252 0.0088 0.9996 0.0820 0.0864 -0.4712
0.9995 0.0028 -0.0299 -0.0031 1.0000 -0.0089 0.0299 0.0090 0.9995 0.0538 -0.1132 0.1978
0.9997 0.0031 -0.0245 -0.0034 0.9999 -0.0113 0.0245 0.0114 0.9996 -0.1657 0.1676 -2.2343
0.9996 0.0020 -0.0272 -0.0023 0.9999 -0.0125 0.0272 0.0125 0.9996 0.1665 -0.0024 1.5102
0.9996 0.0027 -0.0290 -0.0031 0.9999 -0.0122 0.0290 0.0123 0.9995 0.0497 0.0119 -0.3793
0.9996 0.0039 -0.0283 -0.0043 0.9999 -0.0146 0.0283 0.0147 0.9995 -0.1282 0.0816 0.1020
0.9994 0.0025 -0.0350 -0.0030 0.9999 -0.0147 0.0350 0.0148 0.9993 0.2624 0.0104 -0.1130
0.9992 0.0022 -0.0395 -0.0027 0.9999 -0.0144 0.0394 0.0145 0.9991 0.0053 -0.0102 -0.3910
0.9991 0.0028 -0.0428 -0.0034 0.9999 -0.0132 0.0427 0.0134 0.9990 0.1285 -0.0257 -0.1114
0.9990 0.0031 -0.0442 -0.0037 0.9999 -0.0127 0.0441 0.0129 0.9989 -0.0915 -0.0184 -0.9276
0.9991 0.0043 -0.0423 -0.0048 0.9999 -0.0116 0.0422 0.0118 0.9990 -0.0273 -0.0395 0.6831
0.9991 0.0052 -0.0414 -0.0057 0.9999 -0.0116 0.0413 0.0118 0.9991 -0.0638 -0.0009 -0.0589
0.9990 0.0052 -0.0447 -0.0057 0.9999 -0.0115 0.0447 0.0118 0.9989 0.0589 0.0007 -0.0352
0.9989 0.0041 -0.0474 -0.0047 0.9999 -0.0135 0.0473 0.0137 0.9988 0.0523 0.0265 -0.1641
0.9987 0.0029 -0.0505 -0.0036 0.9999 -0.0145 0.0505 0.0146 0.9986 0.0119 0.0105 -0.5259
0.9986 0.0016 -0.0521 -0.0024 0.9999 -0.0160 0.0521 0.0161 0.9985 0.1425 0.0976 0.1219
0.9985 0.0019 -0.0546 -0.0027 0.9999 -0.0145 0.0545 0.0147 0.9984 0.1210 -0.0363 -0.0619
0.9985 0.0029 -0.0538 -0.0035 0.9999 -0.0122 0.0538 0.0124 0.9985 -0.0989 0.0094 0.2702
0.9981 0.0015 -0.0614 -0.0022 0.9999 -0.0113 0.0614 0.0114 0.9980 0.1822 0.0040 -0.4972
0.9981 0.0015 -0.0612 -0.0022 0.9999 -0.0118 0.0612 0.0119 0.9981 -0.1191 0.0183 -0.0042
0.9982 0.0009 -0.0604 -0.0017 0.9999 -0.0133 0.0604 0.0134 0.9981 0.0155 0.0363 -0.5786
0.9982 0.0003 -0.0594 -0.0010 0.9999 -0.0118 0.0594 0.0118 0.9982 -0.0524 -0.0663 0.6438
0.9983 0.0007 -0.0591 -0.0014 0.9999 -0.0130 0.0591 0.0131 0.9982 -0.0761 0.0492 0.0283
0.9983 -0.0000 -0.0580 -0.0007 0.9999 -0.0130 0.0580 0.0130 0.9982 -0.0227 -0.0676 -0.4236
0.9986 -0.0009 -0.0534 0.0002 0.9999 -0.0140 0.0534 0.0140 0.9985 -0.2140 0.0708 0.0600
0.9988 -0.0013 -0.0483 0.0006 0.9999 -0.0153 0.0483 0.0152 0.9987 -0.1597 -0.0147 -0.3395
0.9986 -0.0019 -0.0525 0.0011 0.9999 -0.0157 0.0526 0.0156 0.9985 0.1680 0.0726 -0.7213
0.9981 -0.0038 -0.0611 0.0028 0.9999 -0.0155 0.0612 0.0153 0.9980 0.1544 -0.0641 0.7045
0.9978 -0.0047 -0.0656 0.0036 0.9998 -0.0171 0.0657 0.0169 0.9977 0.1079 -0.0421 -0.4756
0.9979 -0.0044 -0.0643 0.0033 0.9999 -0.0162 0.0644 0.0159 0.9978 -0.1081 0.1203 -0.9635
0.9981 -0.0030 -0.0618 0.0020 0.9999 -0.0161 0.0618 0.0160 0.9980 0.0687 -0.0809 0.4134
0.9981 -0.0013 -0.0613 0.0002 0.9998 -0.0179 0.0613 0.0178 0.9980 -0.0332 0.0837 0.1115
0.9977 -0.0008 -0.0675 -0.0004 0.9998 -0.0186 0.0675 0.0186 0.9975 0.0300 -0.0188 -0.4190
0.9978 0.0020 -0.0662 -0.0033 0.9998 -0.0193 0.0661 0.0195 0.9976 -0.0382 0.1112 0.1216
0.9977 0.0062 -0.0678 -0.0072 0.9999 -0.0141 0.0677 0.0146 0.9976 0.0590 -0.1390 -0.3869
0.9978 0.0075 -0.0666 -0.0084 0.9999 -0.0133 0.0665 0.0138 0.9977 -0.0764 -0.0033 -0.4559
0.9977 0.0079 -0.0673 -0.0090 0.9998 -0.0160 0.0672 0.0166 0.9976 0.0589 0.0030 0.1073
0.9976 0.0095 -0.0686 -0.0106 0.9998 -0.0152 0.0684 0.0159 0.9975 0.1323 -0.0539 -0.1495
0.9974 0.0085 -0.0714 -0.0096 0.9998 -0.0150 0.0713 0.0157 0.9973 -0.0240 0.0633 -0.0162
0.9976 0.0082 -0.0692 -0.0091 0.9999 -0.0137 0.0691 0.0143 0.9975 -0.1139 -0.0134 -0.0537
0.9976 0.0075 -0.0685 -0.0084 0.9999 -0.0126 0.0684 0.0131 0.9976 0.1029 0.0706 -0.5021
0.9976 0.0056 -0.0686 -0.0065 0.9999 -0.0128 0.0686 0.0132 0.9976 -0.0870 0.0085 0.3589
0.9979 0.0031 -0.0647 -0.0040 0.9999 -0.0128 0.0647 0.0130 0.9978 -0.0951 -0.1147 0.0811
0.9979 0.0019 -0.0648 -0.0026 0.9999 -0.0110 0.0647 0.0111 0.9978 0.0263 0.0928 -0.6236
0.9979 0.0022 -0.0648 -0.0029 0.9999 -0.0104 0.0648 0.0105 0.9978 0.0937 -0.0091 -1.8809
0.9978 0.0018 -0.0670 -0.0026 0.9999 -0.0119 0.0670 0.0120 0.9977 0.0510 0.1064 1.3848
0.9976 0.0028 -0.0698 -0.0039 0.9999 -0.0165 0.0698 0.0168 0.9974 0.1487 -0.0840 0.0869
0.9975 0.0032 -0.0703 -0.0045 0.9998 -0.0180 0.0703 0.0183 0.9974 0.0352 -0.0314 -0.1831
0.9973 0.0050 -0.0727 -0.0065 0.9998 -0.0200 0.0726 0.0204 0.9971 0.0129 0.0453 0.1729
0.9982 0.0084 -0.0600 -0.0095 0.9998 -0.0177 0.0598 0.0183 0.9980 -0.2221 0.0636 -1.0656
0.9988 0.0110 -0.0487 -0.0118 0.9998 -0.0155 0.0485 0.0160 0.9987 -0.4268 -0.0735 0.5775
0.9987 0.0117 -0.0503 -0.0124 0.9998 -0.0151 0.0501 0.0157 0.9986 0.0468 0.0471 0.0395
0.9987 0.0123 -0.0494 -0.0132 0.9998 -0.0169 0.0492 0.0175 0.9986 -0.0330 0.0698 -1.0085
0.9987 0.0125 -0.0500 -0.0133 0.9998 -0.0163 0.0498 0.0169 0.9986 0.0866 -0.0764 0.4592
0.9985 0.0125 -0.0531 -0.0135 0.9998 -0.0176 0.0529 0.0183 0.9984 0.0740 -0.0049 -2.8103
0.9985 0.0121 -0.0535 -0.0132 0.9997 -0.0196 0.0532 0.0203 0.9984 0.0588 0.0814 1.5055
0.9983 0.0095 -0.0573 -0.0109 0.9997 -0.0235 0.0571 0.0241 0.9981 0.0030 -0.0236 -0.2308
0.9982 0.0078 -0.0602 -0.0094 0.9996 -0.0261 0.0600 0.0266 0.9978 0.2094 0.0939 0.8923
0.9982 0.0074 -0.0594 -0.0091 0.9996 -0.0274 0.0592 0.0279 0.9979 0.0910 0.0477 -1.3212
0.9980 0.0037 -0.0638 -0.0055 0.9996 -0.0273 0.0637 0.0276 0.9976 0.0585 0.0421 0.2435
0.9979 0.0033 -0.0643 -0.0050 0.9997 -0.0259 0.0642 0.0262 0.9976 -0.1527 -0.1138 0.3742
0.9984 0.0055 -0.0569 -0.0069 0.9997 -0.0252 0.0568 0.0256 0.9981 -0.2602 0.0345 0.3532
0.9987 0.0065 -0.0502 -0.0077 0.9997 -0.0242 0.0500 0.0246 0.9984 -0.2741 0.0946 -0.9622
0.9989 0.0083 -0.0463 -0.0095 0.9997 -0.0247 0.0460 0.0251 0.9986 -0.0634 -0.0017 0.4420
0.9989 0.0076 -0.0462 -0.0087 0.9997 -0.0239 0.0460 0.0243 0.9986 -0.0287 -0.0049 0.7860
0.9989 0.0089 -0.0450 -0.0100 0.9997 -0.0234 0.0448 0.0238 0.9987 0.0508 -0.0560 -1.7840
0.9986 0.0094 -0.0522 -0.0105 0.9997 -0.0221 0.0520 0.0226 0.9984 0.3353 0.0057 0.0437
0.9986 0.0097 -0.0524 -0.0108 0.9997 -0.0219 0.0521 0.0225 0.9984 0.0277 0.0612 0.6245
0.9986 0.0111 -0.0514 -0.0122 0.9997 -0.0219 0.0511 0.0225 0.9984 -0.0391 -0.0385 -1.1649
0.9986 0.0103 -0.0526 -0.0116 0.9997 -0.0236 0.0524 0.0242 0.9983 0.0907 0.0755 -0.6023
0.9985 0.0102 -0.0533 -0.0115 0.9997 -0.0237 0.0530 0.0242 0.9983 0.0785 -0.0844 1.2463
0.9985 0.0100 -0.0534 -0.0111 0.9997 -0.0214 0.0532 0.0220 0.9983 -0.0318 -0.0665 -0.6905
0.9987 0.0095 -0.0504 -0.0105 0.9997 -0.0204 0.0502 0.0209 0.9985 0.1950 0.1297 -1.4226
0.9987 0.0093 -0.0510 -0.0104 0.9997 -0.0212 0.0508 0.0217 0.9985 -0.1760 -0.0334 -0.6666
0.9987 0.0092 -0.0508 -0.0103 0.9997 -0.0216 0.0506 0.0221 0.9985 0.1334 -0.0442 0.8245
0.9986 0.0090 -0.0515 -0.0100 0.9998 -0.0192 0.0513 0.0196 0.9985 0.0805 0.0346 -1.3065
0.9988 0.0085 -0.0473 -0.0094 0.9998 -0.0186 0.0472 0.0191 0.9987 -0.2490 -0.0526 0.0583
0.9988 0.0075 -0.0479 -0.0084 0.9998 -0.0191 0.0478 0.0195 0.9987 -0.0327 -0.1039 2.1169
0.9987 0.0071 -0.0508 -0.0081 0.9998 -0.0189 0.0507 0.0193 0.9985 0.2266 0.1546 -1.5272
0.9988 0.0052 -0.0478 -0.0061 0.9998 -0.0180 0.0476 0.0182 0.9987 0.0153 -0.1273 0.7336
0.9988 0.0054 -0.0493 -0.0063 0.9998 -0.0181 0.0492 0.0184 0.9986 0.3529 0.0166 -2.1845
0.9990 0.0058 -0.0449 -0.0066 0.9998 -0.0173 0.0448 0.0176 0.9988 -0.3072 0.0279 -0.2444
0.9991 0.0057 -0.0423 -0.0065 0.9998 -0.0178 0.0422 0.0180 0.9989 -0.3023 -0.0532 2.1525
0.9990 0.0058 -0.0439 -0.0065 0.9998 -0.0163 0.0438 0.0165 0.9989 -0.0186 0.0047 -1.1524
0.9995 0.0072 -0.0317 -0.0078 0.9998 -0.0196 0.0316 0.0199 0.9993 -0.2907 0.0759 -0.0610
0.9995 0.0066 -0.0304 -0.0072 0.9997 -0.0217 0.0302 0.0219 0.9993 0.0512 0.0757 0.9624
0.9994 0.0064 -0.0330 -0.0072 0.9997 -0.0235 0.0329 0.0238 0.9992 0.0227 -0.0344 0.3010
0.9993 0.0027 -0.0379 -0.0033 0.9998 -0.0175 0.0379 0.0176 0.9991 0.1498 -0.1596 -1.5047
0.9992 -0.0014 -0.0387 0.0009 0.9999 -0.0136 0.0388 0.0135 0.9992 -0.0515 -0.1215 0.8582
0.9993 -0.0027 -0.0372 0.0022 0.9999 -0.0126 0.0373 0.0125 0.9992 0.2617 -0.0406 -0.6832
0.9993 -0.0052 -0.0369 0.0047 0.9999 -0.0123 0.0370 0.0121 0.9992 -0.2374 0.0367 -0.2543
0.9992 -0.0106 -0.0388 0.0102 0.9999 -0.0102 0.0389 0.0098 0.9992 0.0722 -0.0970 0.0664
0.9992 -0.0109 -0.0381 0.0105 0.9999 -0.0106 0.0382 0.0102 0.9992 -0.0995 -0.0126 -0.9979
0.9991 -0.0176 -0.0377 0.0172 0.9998 -0.0113 0.0379 0.0107 0.9992 0.0426 -0.1165 0.1941
0.9993 -0.0179 -0.0341 0.0175 0.9998 -0.0118 0.0343 0.0112 0.9994 0.0272 0.2334 0.0103
0.9992 -0.0212 -0.0343 0.0210 0.9998 -0.0054 0.0344 0.0046 0.9994 -0.1828 -0.2115 -1.3076
0.9989 -0.0236 -0.0401 0.0234 0.9997 -0.0049 0.0402 0.0039 0.9992 0.3639 0.2843 1.3044
0.9987 -0.0219 -0.0471 0.0216 0.9997 -0.0076 0.0472 0.0066 0.9989 0.0847 -0.2541 0.5679
0.9986 -0.0184 -0.0491 0.0179 0.9998 -0.0104 0.0493 0.0095 0.9987 0.0440 0.0791 0.0097
0.9987 -0.0164 -0.0480 0.0161 0.9998 -0.0075 0.0482 0.0067 0.9988 -0.0388 -0.0980 -0.5884
0.9987 -0.0168 -0.0483 0.0165 0.9998 -0.0066 0.0484 0.0058 0.9988 0.0468 0.1874 1.6029
0.9988 -0.0152 -0.0460 0.0150 0.9999 -0.0057 0.0461 0.0050 0.9989 -0.0396 0.0603 -1.4471
0.9991 -0.0126 -0.0393 0.0124 0.9999 -0.0063 0.0393 0.0058 0.9992 -0.3180 -0.0662 1.0595
0.9992 -0.0139 -0.0379 0.0135 0.9999 -0.0103 0.0381 0.0098 0.9992 0.0270 0.1049 -0.3164
0.9994 -0.0042 -0.0353 0.0038 0.9999 -0.0097 0.0353 0.0096 0.9993 -0.0688 -0.0661 0.8363
0.9992 0.0036 -0.0389 -0.0041 0.9999 -0.0132 0.0388 0.0134 0.9992 0.0880 0.1656 0.6234
0.9991 0.0022 -0.0416 -0.0027 0.9999 -0.0130 0.0416 0.0131 0.9990 0.2844 0.0124 -1.0236
0.9991 0.0005 -0.0421 -0.0011 0.9999 -0.0127 0.0421 0.0127 0.9990 -0.1225 0.0667 0.1180
0.9990 -0.0001 -0.0454 -0.0004 0.9999 -0.0111 0.0454 0.0111 0.9989 0.0863 -0.1288 0.6922
0.9989 0.0011 -0.0466 -0.0016 0.9999 -0.0105 0.0466 0.0105 0.9989 -0.0785 -0.0795 0.6131
0.9990 -0.0008 -0.0445 0.0003 0.9999 -0.0115 0.0445 0.0115 0.9989 -0.0794 0.0249 -0.3632
0.9991 -0.0007 -0.0417 0.0001 0.9999 -0.0127 0.0417 0.0127 0.9991 -0.2043 0.0641 0.2052
0.9997 0.0019 -0.0251 -0.0027 0.9996 -0.0283 0.0251 0.0283 0.9993 -0.5895 0.5837 0.0492
0.9997 0.0044 -0.0245 -0.0051 0.9996 -0.0283 0.0243 0.0284 0.9993 0.0338 -0.0587 -0.0582
0.9996 0.0032 -0.0291 -0.0041 0.9996 -0.0287 0.0290 0.0288 0.9992 0.3607 0.0719 -0.5206
0.9997 0.0033 -0.0252 -0.0041 0.9996 -0.0294 0.0251 0.0295 0.9992 -0.3611 0.0243 1.0834
0.9996 0.0031 -0.0289 -0.0040 0.9996 -0.0296 0.0288 0.0297 0.9991 0.0110 -0.0945 -0.0845
0.9996 0.0023 -0.0293 -0.0033 0.9995 -0.0315 0.0292 0.0316 0.9991 0.1007 0.1231 0.2245
0.9994 0.0022 -0.0355 -0.0034 0.9994 -0.0345 0.0354 0.0346 0.9988 0.2086 0.1278 -0.0781
0.9993 0.0003 -0.0375 -0.0016 0.9994 -0.0359 0.0375 0.0359 0.9987 0.0294 -0.0634 -0.2819
0.9993 0.0011 -0.0376 -0.0024 0.9994 -0.0343 0.0375 0.0343 0.9987 -0.0865 -0.0240 0.3512
0.9992 0.0012 -0.0395 -0.0026 0.9993 -0.0360 0.0395 0.0361 0.9986 0.0436 0.0508 -0.0597
0.9992 0.0017 -0.0409 -0.0033 0.9993 -0.0380 0.0408 0.0381 0.9984 0.1333 0.0674 0.2663
0.9987 -0.0006 -0.0503 -0.0013 0.9992 -0.0390 0.0503 0.0390 0.9980 0.3527 0.0505 0.0515
0.9989 -0.0017 -0.0478 -0.0001 0.9993 -0.0362 0.0478 0.0362 0.9982 -0.1977 -0.1206 0.4144
0.9992 -0.0005 -0.0392 -0.0010 0.9993 -0.0379 0.0391 0.0379 0.9985 -0.3510 0.0999 -1.1117
0.9994 -0.0020 -0.0354 0.0006 0.9992 -0.0396 0.0355 0.0395 0.9986 -0.0664 0.0522 1.0777
0.9994 -0.0010 -0.0360 -0.0004 0.9992 -0.0396 0.0360 0.0396 0.9986 -0.1024 0.0817 0.4379
0.9993 0.0012 -0.0367 -0.0026 0.9993 -0.0380 0.0367 0.0381 0.9986 0.0707 -0.0717 -0.2718
0.9995 0.0016 -0.0327 -0.0029 0.9992 -0.0397 0.0326 0.0398 0.9987 -0.1582 0.1028 -0.5648
0.9993 0.0003 -0.0384 -0.0018 0.9992 -0.0397 0.0383 0.0398 0.9985 0.2360 -0.0471 1.2379
0.9992 -0.0015 -0.0393 -0.0001 0.9991 -0.0413 0.0393 0.0413 0.9984 0.0330 -0.0246 -0.0276
0.9992 -0.0012 -0.0389 -0.0005 0.9991 -0.0433 0.0389 0.0432 0.9983 -0.0501 0.0578 0.3172
0.0000 0.0000 0.0000 0.0000 0.0000 0.0000 0.0000 0.0000 0.0000 0.0000 0.0000 0.0000
1.0000 0.0000 0.0000 0.0000 1.0000 0.0000 0.0000 0.0000 1.0000 0.0000 0.0000 0.0000
